        39 01 00 00 00 00 04 B9 FF 83 94
        39 01 00 00 00 00 02 BA 73
        39 01 00 00 00 00 10 B1 6C 14 14 24 E4 10 F0 80 E4 D7 23 80 C0 D2 58
        39 01 00 00 00 00 0C B2 80 64 10 07 70 1C 08 08 1C 4D 00
        39 01 00 00 00 00 0D B4 00 FF 03 5A 03 5A 03 5A 01 6A 01 6A
        39 01 00 00 00 00 03 B6 52 52 
        15 01 00 00 00 00 02 CC 01
        39 01 00 00 05 00 1F D3 00 06 00 40 1A 08 00 32 10 07 00 07 54 15 0F 05 04 02 12 10 05 07 33 33 0B 0B 37 10 07 07
        39 01 00 00 05 00 2D D5 19 19 18 18 1A 1A 1B 1B 04 05 06 07 00 01 02 03 20 21 18 18 18 18 18 18 18 18 18 18 18 18 22 23 18 18 18 18 18 18 18 18 18 18 18 18
        39 01 00 00 05 00 2D D6 18 18 19 19 1A 1A 1B 1B 03 02 01 00 07 06 05 04 23 22 18 18 18 18 18 18 18 18 18 18 18 18 21 20 18 18 18 18 18 18 18 18 18 18 18 18
        39 01 00 00 05 00 2B E0 00 06 0C 31 34 3F 1D 41 06 0A 0C 17 0F 12 15 13 14 07 12 15 16 00 06 0B 30 34 3F 1D 40 07 0A 0D 18 0E 12 14 12 14 08 13 14 19 
        15 01 00 00 00 00 02 D2 55
        39 01 00 00 00 00 03 C0 30 14
        39 01 00 00 00 00 04 BF 41 0E 01
        39 01 00 00 00 00 05 C7 00 C0 40 C0
        15 01 00 00 00 00 02 DF 8E
        05 01 00 00 78 00 01 11
        05 01 00 00 0A 00 01 29